Fold 1
	Confusion matrix: [[975  13   9  10  10   7]
 [ 11 972  13   8   4  11]
 [  4  16 946  18   3  11]
 [  5   9  14 941   4  10]
 [  9   7  13   5 973  11]
 [ 10   8   8  15  11 947]]
	Precision: 0.9524896427130489
	Recall: 0.9524736466848626
	Accuracy: 0.9524913093858632
Fold 2
	Confusion matrix: [[997  10   5  10   9   2]
 [  8 962  11   8   1  14]
 [  5  11 948  13   8  14]
 [  4   8  12 942   4   6]
 [  8  11   9   8 997   5]
 [  9   8  13   5   8 948]]
	Precision: 0.9590901185357718
	Recall: 0.9590175496500031
	Accuracy: 0.9591127296805164
Fold 3
	Confusion matrix: [[968   7   6   9  10   8]
 [  7 988   8   9   6  11]
 [  9  13 939  12  10  17]
 [  4  11  10 949   5   8]
 [  8   9  13   4 979  12]
 [  7   7  12   4   7 954]]
	Precision: 0.9564597285835222
	Recall: 0.9564646777759386
	Accuracy: 0.9564569536423841
Fold 4
	Confusion matrix: [[950   9   5   7   3   8]
 [ 11 979  12   9   2   7]
 [  6   7 950  15  13  14]
 [  5  15  12 960   5   8]
 [ 13   3  10   3 976   8]
 [  7  10  12   6   8 972]]
	Precision: 0.9581375285312886
	Recall: 0.958111531772304
	Accuracy: 0.958112582781457
Fold 5
	Confusion matrix: [[977  20  13   6  10   7]
 [ 11 965  14  11   1   7]
 [  5  11 922  12   6  22]
 [  3  11  11 972   5   8]
 [  8   4   5   6 983   7]
 [  7   9  19   5  10 947]]
	Precision: 0.9545887499340533
	Recall: 0.9545475403913981
	Accuracy: 0.954635761589404
Fold 6
	Confusion matrix: [[979   9   5   7   9   6]
 [ 13 966  11   8   6   3]
 [  7  10 946  22   9  18]
 [  6  11  20 963   6   9]
 [ 14   4   5   4 973   9]
 [  6   6  12   6   4 948]]
	Precision: 0.9561776663931728
	Recall: 0.9561153230544516
	Accuracy: 0.9561258278145696
Fold 7
	Confusion matrix: [[965   9   6   8   5   3]
 [ 16 982  12   3   3   9]
 [  6   6 963  16   5   9]
 [  3  10  15 963   8   9]
 [ 10   2   8   7 974  14]
 [  8   8  11   4  15 945]]
	Precision: 0.9589464220113938
	Recall: 0.9589333018824101
	Accuracy: 0.9589403973509933
Fold 8
	Confusion matrix: [[974   6   6   5   5   9]
 [ 11 977  11   7   4   7]
 [  8  15 965  14  11  13]
 [  8   6  12 956  12   8]
 [  7   4   6   6 987   9]
 [  4   5  14   9   6 933]]
	Precision: 0.9589870397264932
	Recall: 0.9589009755959861
	Accuracy: 0.9589403973509933
Fold 9
	Confusion matrix: [[984  13   9   2   9   7]
 [ 14 951  13   8   3   6]
 [  3   9 973  12   1  17]
 [ 11   8  12 956  11  10]
 [  5   7  11   6 989   7]
 [  4  11  10   5   5 938]]
	Precision: 0.9587761013831897
	Recall: 0.9587735036202093
	Accuracy: 0.9587748344370861
Fold 10
	Confusion matrix: [[972  11   4   6   5   9]
 [ 13 972  12   9   3   9]
 [  4  16 975  14   9  18]
 [  6  12  12 953   4   7]
 [  6   6   4   4 983   7]
 [  6   6   7   8   7 941]]
	Precision: 0.9597207324201915
	Recall: 0.9595885771996698
	Accuracy: 0.9596026490066225
Average Scores 
	Confusion matrix: [[974.1  10.7   6.8   7.    7.5   6.6]
 [ 11.5 971.4  11.7   8.    3.3   8.4]
 [  5.7  11.4 952.7  14.8   7.5  15.3]
 [  5.5  10.1  13.  955.5   6.4   8.3]
 [  8.8   5.7   8.4   5.3 981.4   8.9]
 [  6.8   7.8  11.8   6.7   8.1 947.3]]
	Precision: 0.9573373730232125
	Recall: 0.9572926627627233
	Accuracy: 0.9573193443039891
