Fold 1
	Confusion matrix: [[1004    1    5    1    3    4]
 [   2 1010    2    3    1    3]
 [   3    7  991    1    3    6]
 [   2    0    1  985    2    4]
 [   2    2    1    1  993    2]
 [   1    5    3    6    3  978]]
	Precision: 0.9867621293676715
	Recall: 0.986751039115955
	Accuracy: 0.9867571594106936
Fold 2
	Confusion matrix: [[1022    6    2    2    1    2]
 [   5  988    4    4    1    3]
 [   1    5  977    2    2    9]
 [   0    1    8  972    2    2]
 [   2    2    1    2 1017    2]
 [   1    8    6    4    4  971]]
	Precision: 0.9843898588424028
	Recall: 0.984385044190074
	Accuracy: 0.984439662307565
Fold 3
	Confusion matrix: [[ 994    5    1    3    1    3]
 [   3 1018    3    4    1    3]
 [   2    4  974    4    1    5]
 [   0    4    5  969    2    4]
 [   1    0    1    4 1009    5]
 [   3    4    4    3    3  990]]
	Precision: 0.9857421360699119
	Recall: 0.9857544037276013
	Accuracy: 0.9857615894039735
Fold 4
	Confusion matrix: [[ 983    4    1    2    5    0]
 [   4 1007    7    4    2    6]
 [   3    3  981    4    0    6]
 [   1    3    6  985    3    1]
 [   0    1    2    3  995    3]
 [   1    5    4    2    2 1001]]
	Precision: 0.9854650326805331
	Recall: 0.9854429991752366
	Accuracy: 0.9854304635761589
Fold 5
	Confusion matrix: [[ 998    3    0    2    3    1]
 [   6 1005    5    0    3    6]
 [   2    2  965    8    0    5]
 [   0    2    4  996    2    7]
 [   2    5    5    2 1001    1]
 [   3    3    5    4    6  978]]
	Precision: 0.9839361936969135
	Recall: 0.9839138597306546
	Accuracy: 0.9839403973509934
Fold 6
	Confusion matrix: [[1010    5    3    0    2    5]
 [   2  989    6    4    2    3]
 [   5    4  981    4    2    3]
 [   1    4    3  994    1    2]
 [   4    4    2    4  998    3]
 [   3    0    4    4    2  977]]
	Precision: 0.9849373120090928
	Recall: 0.984926235945176
	Accuracy: 0.9849337748344371
Fold 7
	Confusion matrix: [[ 997    3    1    2    0    4]
 [   3  993    8    2    2    3]
 [   3    6  991    2    2    4]
 [   1    4    5  986    2    4]
 [   4    6    4    5 1001    4]
 [   0    5    6    4    3  970]]
	Precision: 0.9831254424807284
	Recall: 0.9831226551144772
	Accuracy: 0.983112582781457
Fold 8
	Confusion matrix: [[ 990    7    1    4    0    2]
 [   5  993    6    0    3    3]
 [   3    5  998    3    0    4]
 [   6    5    2  987    2    4]
 [   5    1    2    0 1018    2]
 [   3    2    5    3    2  964]]
	Precision: 0.985080087996964
	Recall: 0.9850928874634787
	Accuracy: 0.9850993377483444
Fold 9
	Confusion matrix: [[1012    4    3    1    1    4]
 [   3  979    5    2    1    7]
 [   2    4 1009    4    2    5]
 [   0    3    5  978    1    4]
 [   2    2    2    2 1011    5]
 [   2    7    4    2    2  960]]
	Precision: 0.9849133550220306
	Recall: 0.9848838863301165
	Accuracy: 0.9849337748344371
Fold 10
	Confusion matrix: [[ 995    8    3    1    1    0]
 [   4 1006    3    2    0    7]
 [   2    2  995    4    3    6]
 [   4    3    6  984    2    5]
 [   2    1    1    3 1004    4]
 [   0    3    6    0    1  969]]
	Precision: 0.9856128194310263
	Recall: 0.9855906590918598
	Accuracy: 0.9855960264900663
Average Scores 
	Confusion matrix: [[1000.5    4.6    2.     1.8    1.7    2.5]
 [   3.7  998.8    4.9    2.5    1.6    4.4]
 [   2.6    4.2  986.2    3.6    1.5    5.3]
 [   1.5    2.9    4.5  983.6    1.9    3.7]
 [   2.4    2.4    2.1    2.6 1004.7    3.1]
 [   1.7    4.2    4.7    3.2    2.8  975.8]]
	Precision: 0.9849964367597274
	Recall: 0.9849863669884631
	Accuracy: 0.9850004768738125
