Fold 1
	Confusion matrix: [[1003    2    4    1    3    4]
 [   1 1014    6    2    2    2]
 [   2    3  984    3    2    5]
 [   3    2    4  986    2    4]
 [   4    3    2    1  991    3]
 [   1    1    3    4    5  979]]
	Precision: 0.9860881442961592
	Recall: 0.9860765643195979
	Accuracy: 0.9860950173812283
Fold 2
	Confusion matrix: [[1022    5    2    1    1    2]
 [   2  994    6    5    2    5]
 [   3    6  978    3    3    4]
 [   1    0    5  972    0    2]
 [   3    1    1    2 1017    3]
 [   0    4    6    3    4  973]]
	Precision: 0.9859163809106363
	Recall: 0.9858791846499123
	Accuracy: 0.985929481873862
Fold 3
	Confusion matrix: [[ 996    4    1    2    2    3]
 [   0 1019    3    6    2    4]
 [   2    4  975    4    5    5]
 [   0    5    3  970    2    5]
 [   0    0    1    4 1001    4]
 [   5    3    5    1    5  989]]
	Precision: 0.9850832403204169
	Recall: 0.9851092614164457
	Accuracy: 0.9850993377483444
Fold 4
	Confusion matrix: [[ 979    5    2    2    3    0]
 [   7 1006    8    3    1    8]
 [   3    5  984    3    0    7]
 [   2    4    3  982    5    4]
 [   0    0    2    6  998    3]
 [   1    3    2    4    0  995]]
	Precision: 0.984156225301592
	Recall: 0.9841207773067934
	Accuracy: 0.9841059602649007
Fold 5
	Confusion matrix: [[1003    5    2    3    4    0]
 [   2 1002    6    0    2    4]
 [   2    3  963    9    3    6]
 [   0    2    5  997    2    5]
 [   2    3    4    1 1000    3]
 [   2    5    4    2    4  980]]
	Precision: 0.9842326540384051
	Recall: 0.9842436647731984
	Accuracy: 0.984271523178808
Fold 6
	Confusion matrix: [[1015    6    3    0    0    1]
 [   3  989    4    3    2    6]
 [   3    3  980    6    2    4]
 [   2    3    2  993    3    3]
 [   2    4    5    4  996    2]
 [   0    1    5    4    4  977]]
	Precision: 0.9850835847980127
	Recall: 0.9850763778536455
	Accuracy: 0.9850993377483444
Fold 7
	Confusion matrix: [[993   1   1   3   5   3]
 [  7 999   4   2   2   5]
 [  1   6 993   2   3   6]
 [  0   4   7 989   1   0]
 [  3   2   2   2 997   1]
 [  4   5   8   3   2 974]]
	Precision: 0.9842732405192084
	Recall: 0.9842864869039545
	Accuracy: 0.984271523178808
Fold 8
	Confusion matrix: [[ 989    6    2    3    1    2]
 [   6  990    7    4    3    6]
 [   2    6  996    4    2    3]
 [   4    6    4  985    1    3]
 [   7    3    3    0 1014    4]
 [   4    2    2    1    4  961]]
	Precision: 0.9826479095303237
	Recall: 0.9826104144915861
	Accuracy: 0.9826158940397351
Fold 9
	Confusion matrix: [[1012    4    5    1    2    6]
 [   4  980    6    0    1    6]
 [   2    4 1007    7    0    5]
 [   0    4    2  976    1    0]
 [   1    2    1    3 1012    6]
 [   2    5    7    2    2  962]]
	Precision: 0.984956801836787
	Recall: 0.9848915540203625
	Accuracy: 0.9849337748344371
Fold 10
	Confusion matrix: [[ 995    4    0    3    1    2]
 [   3 1007    7    1    0    5]
 [   4    5 1000    3    0    6]
 [   2    3    3  985    3    2]
 [   2    0    1    2 1004    6]
 [   1    4    3    0    3  970]]
	Precision: 0.986941868370114
	Recall: 0.986911259346677
	Accuracy: 0.9869205298013245
Average Scores 
	Confusion matrix: [[1000.7    4.2    2.2    1.9    2.2    2.3]
 [   3.5 1000.     5.7    2.6    1.7    5.1]
 [   2.4    4.5  986.     4.4    2.     5.1]
 [   1.4    3.3    3.8  983.5    2.     2.8]
 [   2.4    1.8    2.2    2.5 1003.     3.5]
 [   2.     3.3    4.5    2.4    3.3  976. ]]
	Precision: 0.9849380049921654
	Recall: 0.9849205545082172
	Accuracy: 0.9849342380049793
