Fold 1
	Confusion matrix: [[1003    5    4    1    4    4]
 [   1 1007    7    2    1    5]
 [   2    8  982    3    3    5]
 [   5    0    4  987    2    3]
 [   1    3    2    1  992    4]
 [   2    2    4    3    3  976]]
	Precision: 0.9844497060497569
	Recall: 0.9844375177500337
	Accuracy: 0.984439662307565
Fold 2
	Confusion matrix: [[1024    4    4    2    3    2]
 [   3  992    4    4    1    4]
 [   1    4  974    5    2    7]
 [   0    4    6  967    0    5]
 [   2    2    3    2 1020    2]
 [   1    4    7    6    1  969]]
	Precision: 0.9842301860805733
	Recall: 0.9841720673770831
	Accuracy: 0.9842741268001987
Fold 3
	Confusion matrix: [[ 993    4    3    5    1    2]
 [   3 1018    2    5    1    4]
 [   2    3  974    3    1    4]
 [   2    6    5  969    5    6]
 [   0    0    2    2 1008    5]
 [   3    4    2    3    1  989]]
	Precision: 0.9852390358013275
	Recall: 0.985259338368917
	Accuracy: 0.9852649006622517
Fold 4
	Confusion matrix: [[ 979    3    1    1    3    1]
 [   9 1007    6    2    1    9]
 [   2    4  981    5    1    5]
 [   0    3    8  984    3    4]
 [   0    2    2    5  998    5]
 [   2    4    3    3    1  993]]
	Precision: 0.9838373175460479
	Recall: 0.983789768268676
	Accuracy: 0.9837748344370861
Fold 5
	Confusion matrix: [[1000    6    3    3    2    1]
 [   6  999    4    2    1    4]
 [   1    5  970    8    1    7]
 [   0    2    2  992    1    5]
 [   1    5    2    1 1005    4]
 [   3    3    3    6    5  977]]
	Precision: 0.9839169356785163
	Recall: 0.9839411098573755
	Accuracy: 0.9839403973509934
Fold 6
	Confusion matrix: [[1010    9    3    0    1    3]
 [   2  987    3    4    1    7]
 [   5    3  985    3    1    3]
 [   2    2    1  993    3    3]
 [   4    3    2    4  999    4]
 [   2    2    5    6    2  973]]
	Precision: 0.9846021685397076
	Recall: 0.9845913500620495
	Accuracy: 0.9846026490066225
Fold 7
	Confusion matrix: [[ 995    4    1    1    0    6]
 [   4  993    9    1    1    5]
 [   2    6  992    4    2    5]
 [   1    6    5  991    1    4]
 [   4    1    2    3 1004    1]
 [   2    7    6    1    2  968]]
	Precision: 0.9839314515992191
	Recall: 0.9839466804517856
	Accuracy: 0.9839403973509934
Fold 8
	Confusion matrix: [[ 990    5    4    4    3    0]
 [   6  993    6    0    1    2]
 [   1    8  996    4    0    3]
 [   6    4    2  984    0    2]
 [   5    2    3    0 1018    2]
 [   4    1    3    5    3  970]]
	Precision: 0.9852497460496822
	Recall: 0.985284102311629
	Accuracy: 0.9852649006622517
Fold 9
	Confusion matrix: [[1009    3    3    2    2    5]
 [   5  980    6    1    1    3]
 [   4    4 1009    4    1    7]
 [   0    2    3  977    3    3]
 [   1    3    2    2 1008    5]
 [   2    7    5    3    3  962]]
	Precision: 0.9842696904008011
	Recall: 0.9842397338144809
	Accuracy: 0.984271523178808
Fold 10
	Confusion matrix: [[ 993    8    2    2    2    0]
 [   2 1006    4    4    0   11]
 [   3    3  997    5    2    5]
 [   4    2    5  980    2    2]
 [   4    0    0    3 1003    5]
 [   1    4    6    0    2  968]]
	Precision: 0.9846276002033418
	Recall: 0.9845846495886407
	Accuracy: 0.9846026490066225
Average Scores 
	Confusion matrix: [[9.9960e+02 5.1000e+00 2.8000e+00 2.1000e+00 2.1000e+00 2.4000e+00]
 [4.1000e+00 9.9820e+02 5.1000e+00 2.5000e+00 9.0000e-01 5.4000e+00]
 [2.3000e+00 4.8000e+00 9.8600e+02 4.4000e+00 1.4000e+00 5.1000e+00]
 [2.0000e+00 3.1000e+00 4.1000e+00 9.8240e+02 2.0000e+00 3.7000e+00]
 [2.2000e+00 2.1000e+00 2.0000e+00 2.3000e+00 1.0055e+03 3.7000e+00]
 [2.2000e+00 3.8000e+00 4.4000e+00 3.6000e+00 2.3000e+00 9.7450e+02]]
	Precision: 0.9844353837948976
	Recall: 0.9844246317850672
	Accuracy: 0.9844376040763393
