Fold 1
	Confusion matrix: [[1005    2    5    5    2    2]
 [   4 1010    3    3    2    6]
 [   2    5  982    0    2    6]
 [   0    1    3  982    5    4]
 [   1    5    2    3  993    1]
 [   2    2    8    4    1  978]]
	Precision: 0.9849471956365535
	Recall: 0.9849183866917742
	Accuracy: 0.984936268829664
Fold 2
	Confusion matrix: [[1021    4    1    3    1    1]
 [   2  989    4    2    2    3]
 [   1    4  982    3    2    4]
 [   4    2    5  974    1    4]
 [   3    4    1    2 1017    4]
 [   0    7    5    2    4  973]]
	Precision: 0.9858943775478904
	Recall: 0.9858985157238672
	Accuracy: 0.985929481873862
Fold 3
	Confusion matrix: [[ 991    4    3    3    0    0]
 [   5 1020    1    6    1    4]
 [   1    6  976    4    1    5]
 [   0    3    3  969    3    4]
 [   1    0    2    1 1010    4]
 [   5    2    3    4    2  993]]
	Precision: 0.9865904314500388
	Recall: 0.9865742725488212
	Accuracy: 0.9865894039735099
Fold 4
	Confusion matrix: [[ 979    6    1    2    1    1]
 [   5 1006    5    4    1    5]
 [   1    3  985    4    1    8]
 [   1    1    4  983    1    7]
 [   3    2    2    6 1002    6]
 [   3    5    4    1    1  990]]
	Precision: 0.9843056812483099
	Recall: 0.9842965731052792
	Accuracy: 0.984271523178808
Fold 5
	Confusion matrix: [[ 998    5    2    2    3    3]
 [   3 1004    4    2    3    2]
 [   3    3  963    8    1    5]
 [   2    2    3  993    4    5]
 [   4    3    2    3 1001    6]
 [   1    3   10    4    3  977]]
	Precision: 0.9827550693881135
	Recall: 0.9827506358360624
	Accuracy: 0.9827814569536424
Fold 6
	Confusion matrix: [[1013    4    4    0    1    5]
 [   1  986    5    3    0    6]
 [   5    8  979    4    2    4]
 [   1    3    1 1000    1    1]
 [   4    3    4    1 1002    2]
 [   1    2    6    2    1  975]]
	Precision: 0.9859233387716758
	Recall: 0.9858998042645983
	Accuracy: 0.9859271523178808
Fold 7
	Confusion matrix: [[ 998    3    2    4    2    5]
 [   2  999   13    3    1    4]
 [   1    4  984    2    4    4]
 [   2    0    7  986    1    4]
 [   2    6    3    3 1001    2]
 [   3    5    6    3    1  970]]
	Precision: 0.9831249716211884
	Recall: 0.9831218579115898
	Accuracy: 0.983112582781457
Fold 8
	Confusion matrix: [[1002    5    1    3    3    1]
 [   2  993    3    2    3    0]
 [   2    5 1002    3    2    5]
 [   0    5    2  987    2    1]
 [   4    3    4    1 1013    3]
 [   2    2    2    1    2  969]]
	Precision: 0.9877858369962311
	Recall: 0.9877648348306787
	Accuracy: 0.9877483443708609
Fold 9
	Confusion matrix: [[1008    8    2    2    1    3]
 [   4  974    5    0    1    3]
 [   4    4 1008    6    1    5]
 [   0    3    7  975    1    2]
 [   1    3    3    3 1013    8]
 [   4    7    3    3    1  964]]
	Precision: 0.9838003182703225
	Recall: 0.9837333343037112
	Accuracy: 0.9837748344370861
Fold 10
	Confusion matrix: [[ 995    2    1    1    1    5]
 [   4 1013    5    1    0    5]
 [   1    1 1000    5    1    7]
 [   4    3    3  981    1    2]
 [   1    0    1    5 1006    3]
 [   2    4    4    1    2  969]]
	Precision: 0.9874201177860368
	Recall: 0.9873796119135808
	Accuracy: 0.9874172185430463
Average Scores 
	Confusion matrix: [[1001.     4.3    2.2    2.5    1.5    2.6]
 [   3.2  999.4    4.8    2.6    1.4    3.8]
 [   2.1    4.3  986.1    3.9    1.7    5.3]
 [   1.4    2.3    3.8  983.     2.     3.4]
 [   2.4    2.9    2.4    2.8 1005.8    3.9]
 [   2.3    3.9    5.1    2.5    1.8  975.8]]
	Precision: 0.9852547338716361
	Recall: 0.9852337827129963
	Accuracy: 0.9852488267259817
