Fold 1
	Confusion matrix: [[1013    0    0    0    0    0]
 [   1 1023    0    1    0    0]
 [   0    1 1002    1    0    2]
 [   0    1    1  995    0    0]
 [   0    0    0    0 1005    2]
 [   0    0    0    0    0  993]]
	Precision: 0.9983467536622869
	Recall: 0.9983412540097252
	Accuracy: 0.9983446449263367
Fold 2
	Confusion matrix: [[1031    1    0    0    0    0]
 [   0 1008    1    0    0    1]
 [   0    0  995    1    0    2]
 [   0    1    0  985    0    0]
 [   0    0    0    0 1026    0]
 [   0    0    2    0    1  986]]
	Precision: 0.9983328719812858
	Recall: 0.9983320857168846
	Accuracy: 0.9983446449263367
Fold 3
	Confusion matrix: [[1002    1    0    0    0    0]
 [   0 1033    1    0    0    2]
 [   0    1  986    0    0    0]
 [   0    0    0  987    0    0]
 [   0    0    1    0 1016    0]
 [   1    0    0    0    1 1008]]
	Precision: 0.9986884307860504
	Recall: 0.9986804750317098
	Accuracy: 0.9986754966887417
Fold 4
	Confusion matrix: [[ 991    1    0    1    0    0]
 [   0 1021    0    2    0    1]
 [   0    0  999    0    0    0]
 [   0    0    1  997    0    0]
 [   1    1    0    0 1007    0]
 [   0    0    1    0    0 1016]]
	Precision: 0.9985147941795031
	Recall: 0.9985092691839409
	Accuracy: 0.9985099337748344
Fold 5
	Confusion matrix: [[1010    0    0    0    0    0]
 [   1 1018    0    0    0    1]
 [   0    1  983    1    0    1]
 [   0    0    1 1011    0    0]
 [   0    0    0    0 1015    0]
 [   0    1    0    0    0  996]]
	Precision: 0.9988342446696366
	Recall: 0.9988402809219449
	Accuracy: 0.998841059602649
Fold 6
	Confusion matrix: [[1024    0    0    1    0    0]
 [   1 1005    0    0    0    0]
 [   0    0  999    1    0    1]
 [   0    0    0 1008    0    1]
 [   0    1    0    0 1007    0]
 [   0    0    0    0    0  991]]
	Precision: 0.9990082014485077
	Recall: 0.9990060096246628
	Accuracy: 0.9990066225165563
Fold 7
	Confusion matrix: [[1008    0    0    0    0    0]
 [   0 1015    0    0    0    1]
 [   0    2 1015    0    0    1]
 [   0    0    0 1001    0    0]
 [   0    0    0    0 1010    0]
 [   0    0    0    0    0  987]]
	Precision: 0.9993447988696894
	Recall: 0.9993351978283571
	Accuracy: 0.9993377483443708
Fold 8
	Confusion matrix: [[1010    1    0    0    0    0]
 [   2 1011    0    0    0    0]
 [   0    1 1013    1    0    1]
 [   0    0    1  996    0    0]
 [   0    0    0    0 1025    0]
 [   0    0    0    0    0  978]]
	Precision: 0.9988467969535894
	Recall: 0.9988397881620018
	Accuracy: 0.998841059602649
Fold 9
	Confusion matrix: [[1021    0    0    0    0    0]
 [   0  997    2    0    0    0]
 [   0    0 1024    1    0    0]
 [   0    0    1  988    0    0]
 [   0    2    0    0 1018    1]
 [   0    0    1    0    0  984]]
	Precision: 0.9986762902802097
	Recall: 0.9986800994403567
	Accuracy: 0.9986754966887417
Fold 10
	Confusion matrix: [[1007    1    0    0    0    0]
 [   0 1022    0    0    0    0]
 [   0    0 1013    0    0    1]
 [   0    0    1  994    0    1]
 [   0    0    0    0 1011    0]
 [   0    0    0    0    0  989]]
	Precision: 0.9993356185142561
	Recall: 0.9993363543547206
	Accuracy: 0.9993377483443708
Average Scores 
	Confusion matrix: [[1.0117e+03 5.0000e-01 0.0000e+00 2.0000e-01 0.0000e+00 0.0000e+00]
 [5.0000e-01 1.0153e+03 4.0000e-01 3.0000e-01 0.0000e+00 6.0000e-01]
 [0.0000e+00 6.0000e-01 1.0029e+03 6.0000e-01 0.0000e+00 9.0000e-01]
 [0.0000e+00 2.0000e-01 6.0000e-01 9.9620e+02 0.0000e+00 2.0000e-01]
 [1.0000e-01 4.0000e-01 1.0000e-01 0.0000e+00 1.0140e+03 3.0000e-01]
 [1.0000e-01 1.0000e-01 4.0000e-01 0.0000e+00 2.0000e-01 9.9280e+02]]
	Precision: 0.9987928801345014
	Recall: 0.9987900814274304
	Accuracy: 0.9987914455415586
