Fold 1
	Confusion matrix: [[839  92  64  44  46  31]
 [ 49 769  89  28  26  17]
 [ 26  82 645  45  29  37]
 [ 17  29  77 825  16  26]
 [ 63  27  44  34 864  41]
 [ 20  26  84  21  24 845]]
	Precision: 0.7919336964963654
	Recall: 0.7925762385681873
	Accuracy: 0.7924184737626221
Fold 2
	Confusion matrix: [[863 105  52  37  56  36]
 [ 46 746  83  30  19  19]
 [ 30  76 641  43  22  32]
 [ 16  36  85 823  20  29]
 [ 54  18  56  30 884  46]
 [ 22  29  81  23  26 827]]
	Precision: 0.7917090684299062
	Recall: 0.7915988514923188
	Accuracy: 0.791921867240523
Fold 3
	Confusion matrix: [[849 110  48  31  54  38]
 [ 42 753  86  27  21  17]
 [ 22  84 640  45  25  36]
 [ 23  35  79 831  26  37]
 [ 49  27  55  26 874  46]
 [ 18  26  80  27  17 836]]
	Precision: 0.7914467657186576
	Recall: 0.791804759038003
	Accuracy: 0.791887417218543
Fold 4
	Confusion matrix: [[829 113  51  38  55  39]
 [ 46 746  82  30  16  18]
 [ 24  68 644  45  20  27]
 [ 20  36  83 835  20  29]
 [ 55  26  54  26 873  37]
 [ 18  34  87  26  23 867]]
	Precision: 0.7938549362277251
	Recall: 0.793784790497868
	Accuracy: 0.7937086092715232
Fold 5
	Confusion matrix: [[854 110  47  41  55  33]
 [ 39 728  75  27  19  13]
 [ 24  71 651  41  23  27]
 [ 23  44  75 848  27  30]
 [ 56  28  52  27 870  43]
 [ 15  39  84  28  21 852]]
	Precision: 0.7955657138725231
	Recall: 0.7948023336245411
	Accuracy: 0.7951986754966888
Fold 6
	Confusion matrix: [[865 105  46  36  61  30]
 [ 39 729  88  28  13  22]
 [ 23  67 648  52  25  30]
 [ 28  50  66 831  25  27]
 [ 54  26  58  35 863  42]
 [ 16  29  93  28  20 842]]
	Precision: 0.7909455751337683
	Recall: 0.7908186657110772
	Accuracy: 0.7910596026490067
Fold 7
	Confusion matrix: [[831  95  47  38  61  29]
 [ 48 745  85  16  15  19]
 [ 27  77 655  40  28  32]
 [ 19  43  76 845  21  28]
 [ 63  24  51  30 863  43]
 [ 20  33 101  32  22 838]]
	Precision: 0.7905947534175577
	Recall: 0.7913672467385248
	Accuracy: 0.7908940397350993
Fold 8
	Confusion matrix: [[849  85  44  32  63  26]
 [ 42 765  89  21  15  17]
 [ 25  79 659  42  24  38]
 [ 24  37  77 851  27  28]
 [ 58  17  53  21 871  42]
 [ 14  30  92  30  25 828]]
	Precision: 0.7977617558792406
	Recall: 0.7988490955096749
	Accuracy: 0.7985099337748345
Fold 9
	Confusion matrix: [[839  96  41  40  51  28]
 [ 44 750  82  24  21  20]
 [ 30  72 680  48  21  33]
 [ 23  34  73 825  30  29]
 [ 60  19  59  24 872  43]
 [ 25  28  93  28  23 832]]
	Precision: 0.7940471949612226
	Recall: 0.7949000428788519
	Accuracy: 0.7943708609271524
Fold 10
	Confusion matrix: [[841  91  53  42  46  32]
 [ 47 776  83  26  20  16]
 [ 26  76 668  43  17  35]
 [ 16  35  70 830  24  35]
 [ 58  21  52  29 882  36]
 [ 19  24  88  24  22 837]]
	Precision: 0.8000668306757777
	Recall: 0.8007498919079262
	Accuracy: 0.8003311258278145
Average Scores 
	Confusion matrix: [[845.9 100.2  49.3  37.9  54.8  32.2]
 [ 44.2 750.7  84.2  25.7  18.5  17.8]
 [ 25.7  75.2 653.1  44.4  23.4  32.7]
 [ 20.9  37.9  76.1 834.4  23.6  29.8]
 [ 57.   23.3  53.4  28.2 871.6  41.9]
 [ 18.7  29.8  88.3  26.7  22.3 840.4]]
	Precision: 0.7937926290812743
	Recall: 0.7941251915966973
	Accuracy: 0.7940300605903808
