Fold 1
	Confusion matrix: [[838  93  64  45  46  32]
 [ 48 769  89  28  27  16]
 [ 26  82 646  44  28  37]
 [ 17  28  74 823  16  27]
 [ 64  27  44  34 864  42]
 [ 21  26  86  23  24 843]]
	Precision: 0.7914180934639097
	Recall: 0.7919093684966656
	Accuracy: 0.7917563317331567
Fold 2
	Confusion matrix: [[866 104  52  36  55  35]
 [ 44 748  83  30  19  18]
 [ 30  74 640  43  24  33]
 [ 16  36  86 826  21  29]
 [ 53  19  56  30 882  46]
 [ 22  29  81  21  26 828]]
	Precision: 0.7926165146850415
	Recall: 0.7925978997176175
	Accuracy: 0.792915080284721
Fold 3
	Confusion matrix: [[848 113  49  32  58  39]
 [ 42 752  87  27  21  17]
 [ 22  84 640  46  24  36]
 [ 24  34  78 829  24  38]
 [ 51  26  54  26 873  43]
 [ 16  26  80  27  17 837]]
	Precision: 0.7909868528359899
	Recall: 0.7911409723448265
	Accuracy: 0.7912251655629139
Fold 4
	Confusion matrix: [[831 108  52  37  54  39]
 [ 46 747  83  29  15  18]
 [ 24  69 646  45  22  28]
 [ 21  36  83 836  20  30]
 [ 53  29  51  26 874  37]
 [ 17  34  86  27  22 865]]
	Precision: 0.7944868242267157
	Recall: 0.7946211452408587
	Accuracy: 0.7945364238410596
Fold 5
	Confusion matrix: [[856 113  47  43  58  34]
 [ 38 725  75  28  18  13]
 [ 24  73 652  39  25  27]
 [ 23  45  76 848  26  31]
 [ 53  28  52  28 868  41]
 [ 17  36  82  26  20 852]]
	Precision: 0.7954212349765418
	Recall: 0.7944828135760783
	Accuracy: 0.7948675496688742
Fold 6
	Confusion matrix: [[863 104  46  35  62  29]
 [ 39 731  90  27  14  22]
 [ 25  66 647  54  23  31]
 [ 28  51  67 831  25  28]
 [ 53  26  59  35 864  40]
 [ 17  28  90  28  19 843]]
	Precision: 0.7909839682389338
	Recall: 0.7909913238881076
	Accuracy: 0.7912251655629139
Fold 7
	Confusion matrix: [[829  94  47  38  60  29]
 [ 46 745  84  16  14  19]
 [ 28  77 659  40  28  32]
 [ 20  45  75 846  22  27]
 [ 63  24  50  29 864  44]
 [ 22  32 100  32  22 838]]
	Precision: 0.7912856166349099
	Recall: 0.7920248900259051
	Accuracy: 0.7915562913907285
Fold 8
	Confusion matrix: [[852  86  48  31  62  26]
 [ 40 765  90  23  15  17]
 [ 24  79 658  42  25  39]
 [ 25  38  74 852  26  28]
 [ 57  17  52  20 872  40]
 [ 14  28  92  29  25 829]]
	Precision: 0.798576054311198
	Recall: 0.7996788126474108
	Accuracy: 0.7993377483443709
Fold 9
	Confusion matrix: [[840  95  42  40  51  26]
 [ 45 749  83  24  22  21]
 [ 30  72 679  47  21  34]
 [ 23  36  72 826  30  29]
 [ 59  19  59  23 870  43]
 [ 24  28  93  29  24 832]]
	Precision: 0.7936326750262469
	Recall: 0.7945754018932067
	Accuracy: 0.7940397350993378
Fold 10
	Confusion matrix: [[840  91  52  42  46  32]
 [ 49 777  83  26  20  16]
 [ 25  75 669  43  19  34]
 [ 16  35  70 832  24  36]
 [ 58  21  52  27 880  36]
 [ 19  24  88  24  22 837]]
	Precision: 0.80021820079496
	Recall: 0.8009173077093754
	Accuracy: 0.8004966887417219
Average Scores 
	Confusion matrix: [[846.3 100.1  49.9  37.9  55.2  32.1]
 [ 43.7 750.8  84.7  25.8  18.5  17.7]
 [ 25.8  75.1 653.6  44.3  23.9  33.1]
 [ 21.3  38.4  75.5 834.9  23.4  30.3]
 [ 56.4  23.6  52.9  27.8 871.1  41.2]
 [ 18.9  29.1  87.8  26.6  22.1 840.4]]
	Precision: 0.7939626035194447
	Recall: 0.7942939935540052
	Accuracy: 0.7941956180229799
