Fold 1
	Confusion matrix: [[840  93  67  45  47  30]
 [ 52 775  90  27  25  21]
 [ 23  74 637  44  31  32]
 [ 18  31  84 823  13  34]
 [ 58  22  42  34 866  50]
 [ 23  30  83  24  23 830]]
	Precision: 0.789440948179673
	Recall: 0.7898766846243018
	Accuracy: 0.7897699056447608
Fold 2
	Confusion matrix: [[863 101  56  36  58  31]
 [ 45 744  87  29  21  19]
 [ 28  73 632  49  28  33]
 [ 17  36  85 827  18  35]
 [ 59  23  55  22 877  53]
 [ 19  33  83  23  25 818]]
	Precision: 0.7876004720554327
	Recall: 0.7877892666733821
	Accuracy: 0.7881145505710975
Fold 3
	Confusion matrix: [[841 105  49  31  56  36]
 [ 45 754  82  26  22  20]
 [ 21  80 642  44  28  35]
 [ 23  33  81 835  23  41]
 [ 57  33  50  23 873  55]
 [ 16  30  84  28  15 823]]
	Precision: 0.7890873160790415
	Recall: 0.7893401785203563
	Accuracy: 0.7894039735099337
Fold 4
	Confusion matrix: [[820 104  52  44  53  40]
 [ 48 741  83  28  15  22]
 [ 26  68 635  39  28  34]
 [ 18  37  87 836  15  33]
 [ 57  31  58  27 877  47]
 [ 23  42  86  26  19 841]]
	Precision: 0.7863151100220866
	Recall: 0.7865273956764302
	Accuracy: 0.7864238410596026
Fold 5
	Confusion matrix: [[847 115  47  45  61  29]
 [ 39 728  78  26  17  16]
 [ 27  67 637  36  28  26]
 [ 20  44  80 851  23  40]
 [ 57  32  55  23 867  41]
 [ 21  34  87  31  19 846]]
	Precision: 0.7912442958422424
	Recall: 0.7902765432485327
	Accuracy: 0.7907284768211921
Fold 6
	Confusion matrix: [[863 103  48  36  66  25]
 [ 44 731  92  31  14  20]
 [ 19  65 627  51  26  33]
 [ 23  53  84 835  24  31]
 [ 58  29  55  28 857  56]
 [ 18  25  93  29  20 828]]
	Precision: 0.7847207130880972
	Recall: 0.7846385397585451
	Accuracy: 0.784933774834437
Fold 7
	Confusion matrix: [[831 100  44  42  65  28]
 [ 47 739  90  19  17  23]
 [ 19  70 653  40  31  35]
 [ 22  41  82 844  19  31]
 [ 69  28  56  27 855  46]
 [ 20  39  90  29  23 826]]
	Precision: 0.7861013885622944
	Recall: 0.7865466784731318
	Accuracy: 0.786092715231788
Fold 8
	Confusion matrix: [[841  83  44  38  69  24]
 [ 41 761  90  24  12  19]
 [ 23  78 654  41  31  38]
 [ 24  35  84 845  26  35]
 [ 65  26  58  20 862  49]
 [ 18  30  84  29  25 814]]
	Precision: 0.790429666838191
	Recall: 0.7912018254202363
	Accuracy: 0.7908940397350993
Fold 9
	Confusion matrix: [[836  92  42  39  59  30]
 [ 45 756  88  24  21  18]
 [ 30  68 673  49  27  42]
 [ 21  35  76 822  25  30]
 [ 63  23  57  24 869  47]
 [ 26  25  92  31  17 818]]
	Precision: 0.7900507912016902
	Recall: 0.7909108515248265
	Accuracy: 0.7903973509933775
Fold 10
	Confusion matrix: [[841  92  50  41  54  27]
 [ 49 769  84  23  21  18]
 [ 20  73 663  42  24  36]
 [ 18  37  80 834  21  33]
 [ 59  22  46  29 873  41]
 [ 20  30  91  25  18 836]]
	Precision: 0.7970460080613863
	Recall: 0.797806458535757
	Accuracy: 0.7973509933774835
Average Scores 
	Confusion matrix: [[842.3  98.8  49.9  39.7  58.8  30. ]
 [ 45.5 749.8  86.4  25.7  18.5  19.6]
 [ 23.6  71.6 645.3  43.5  28.2  34.4]
 [ 20.4  38.2  82.3 835.2  20.7  34.3]
 [ 60.2  26.9  53.2  25.7 867.6  48.5]
 [ 20.4  31.8  87.3  27.5  20.4 828. ]]
	Precision: 0.7892036709930135
	Recall: 0.7894914422455501
	Accuracy: 0.7894109621778771
