Fold 1
	Confusion matrix: [[838  92  65  44  46  31]
 [ 48 768  89  27  25  17]
 [ 26  84 644  43  29  37]
 [ 17  29  76 826  16  26]
 [ 63  27  44  34 865  42]
 [ 22  25  85  23  24 844]]
	Precision: 0.7916083643851545
	Recall: 0.7922489407102802
	Accuracy: 0.7920874027478895
Fold 2
	Confusion matrix: [[867 104  53  37  54  36]
 [ 42 749  86  30  21  18]
 [ 30  74 640  43  24  31]
 [ 16  35  85 827  21  30]
 [ 54  20  51  28 881  46]
 [ 22  28  83  21  26 828]]
	Precision: 0.7929764952417057
	Recall: 0.792931319728142
	Accuracy: 0.7932461512994538
Fold 3
	Confusion matrix: [[847 110  49  31  57  38]
 [ 42 753  86  27  21  18]
 [ 22  84 643  45  24  36]
 [ 23  34  77 831  24  38]
 [ 52  28  54  25 874  43]
 [ 17  26  79  28  17 837]]
	Precision: 0.7918981734227181
	Recall: 0.7921435120897868
	Accuracy: 0.7922185430463576
Fold 4
	Confusion matrix: [[829 113  52  38  56  39]
 [ 44 748  82  29  16  18]
 [ 24  68 642  44  18  27]
 [ 20  35  83 837  19  29]
 [ 57  26  57  25 876  38]
 [ 18  33  85  27  22 866]]
	Precision: 0.7946613890631061
	Recall: 0.7944436061685556
	Accuracy: 0.7943708609271524
Fold 5
	Confusion matrix: [[854 112  47  40  57  33]
 [ 38 727  75  29  20  13]
 [ 26  70 651  41  22  27]
 [ 22  45  75 847  28  30]
 [ 55  25  53  27 865  42]
 [ 16  41  83  28  23 853]]
	Precision: 0.7946055135891962
	Recall: 0.7938202271552542
	Accuracy: 0.794205298013245
Fold 6
	Confusion matrix: [[859 105  48  35  63  28]
 [ 41 729  90  28  13  23]
 [ 26  67 646  53  25  29]
 [ 28  50  68 833  26  27]
 [ 54  26  57  33 860  42]
 [ 17  29  90  28  20 844]]
	Precision: 0.7896347469591746
	Recall: 0.7896785807433934
	Accuracy: 0.7899006622516557
Fold 7
	Confusion matrix: [[829  96  46  38  60  31]
 [ 47 745  85  15  14  18]
 [ 27  75 656  40  28  32]
 [ 21  45  76 846  21  28]
 [ 64  24  51  30 864  43]
 [ 20  32 101  32  23 837]]
	Precision: 0.7907046584177951
	Recall: 0.7913637587974994
	Accuracy: 0.7908940397350993
Fold 8
	Confusion matrix: [[848  87  46  31  63  26]
 [ 41 763  90  22  13  17]
 [ 26  81 657  42  24  39]
 [ 25  37  74 852  26  28]
 [ 58  16  53  19 871  41]
 [ 14  29  94  31  28 828]]
	Precision: 0.7970512927048766
	Recall: 0.7981937865904133
	Accuracy: 0.7978476821192053
Fold 9
	Confusion matrix: [[839  94  41  40  51  27]
 [ 44 748  83  24  21  21]
 [ 31  73 678  47  21  33]
 [ 23  35  73 824  30  27]
 [ 60  20  60  25 871  43]
 [ 24  29  93  29  24 834]]
	Precision: 0.7933110596927279
	Recall: 0.794248291035858
	Accuracy: 0.7937086092715232
Fold 10
	Confusion matrix: [[840  91  52  41  46  31]
 [ 46 776  84  26  20  16]
 [ 26  78 668  45  15  36]
 [ 16  35  70 829  25  34]
 [ 60  20  53  29 883  36]
 [ 19  23  87  24  22 838]]
	Precision: 0.7999780904366639
	Recall: 0.8007497446649952
	Accuracy: 0.8003311258278145
Average Scores 
	Confusion matrix: [[845.  100.4  49.9  37.5  55.3  32. ]
 [ 43.3 750.6  85.   25.7  18.4  17.9]
 [ 26.4  75.4 652.5  44.3  23.   32.7]
 [ 21.1  38.   75.7 835.2  23.6  29.7]
 [ 57.7  23.2  53.3  27.5 871.   41.6]
 [ 18.9  29.5  88.   27.1  22.9 840.9]]
	Precision: 0.7936429783913119
	Recall: 0.7939821767684179
	Accuracy: 0.7938810375239397
