Fold 1
	Confusion matrix: [[839  92  64  46  46  31]
 [ 49 769  86  27  26  17]
 [ 26  82 646  43  29  37]
 [ 17  29  77 824  16  26]
 [ 62  27  44  34 864  42]
 [ 21  26  86  23  24 844]]
	Precision: 0.7918548478831845
	Recall: 0.792408070388007
	Accuracy: 0.7922529382552558
Fold 2
	Confusion matrix: [[866 103  53  36  54  35]
 [ 43 749  84  30  20  17]
 [ 30  74 640  43  25  33]
 [ 16  36  85 829  21  29]
 [ 54  20  54  28 880  46]
 [ 22  28  82  20  27 829]]
	Precision: 0.7930595544389419
	Recall: 0.7931139660568928
	Accuracy: 0.7934116868068201
Fold 3
	Confusion matrix: [[848 111  47  31  60  38]
 [ 41 752  87  27  21  17]
 [ 23  84 641  47  24  35]
 [ 23  34  79 832  24  37]
 [ 51  26  54  25 871  45]
 [ 17  28  80  25  17 838]]
	Precision: 0.7913953462890219
	Recall: 0.7916535040279017
	Accuracy: 0.7917218543046357
Fold 4
	Confusion matrix: [[830 112  52  39  55  39]
 [ 45 748  82  29  17  18]
 [ 24  67 642  45  17  27]
 [ 20  35  83 837  20  29]
 [ 56  27  57  24 876  38]
 [ 17  34  85  26  22 866]]
	Precision: 0.7948071983774505
	Recall: 0.7946116169212437
	Accuracy: 0.7945364238410596
Fold 5
	Confusion matrix: [[854 111  46  41  56  35]
 [ 38 725  75  27  18  13]
 [ 26  72 648  41  24  26]
 [ 22  46  78 848  27  32]
 [ 55  27  51  27 869  40]
 [ 16  39  86  28  21 852]]
	Precision: 0.7943979480828287
	Recall: 0.7936398038523295
	Accuracy: 0.7940397350993378
Fold 6
	Confusion matrix: [[863 104  48  35  62  28]
 [ 40 729  89  28  13  22]
 [ 24  67 645  53  23  29]
 [ 28  51  68 834  27  27]
 [ 53  26  57  33 862  41]
 [ 17  29  92  27  20 846]]
	Precision: 0.7909927903861417
	Recall: 0.790993869583876
	Accuracy: 0.7912251655629139
Fold 7
	Confusion matrix: [[829  96  47  38  61  30]
 [ 48 746  83  16  15  19]
 [ 28  76 657  40  28  32]
 [ 20  44  76 845  21  29]
 [ 61  23  51  30 865  42]
 [ 22  32 101  32  20 837]]
	Precision: 0.7909694669799617
	Recall: 0.7916903594399831
	Accuracy: 0.7912251655629139
Fold 8
	Confusion matrix: [[845  85  46  33  61  26]
 [ 42 765  90  22  16  17]
 [ 26  79 657  41  24  39]
 [ 26  37  77 852  25  28]
 [ 59  17  51  19 871  41]
 [ 14  30  93  30  28 828]]
	Precision: 0.7968606541485604
	Recall: 0.7980287710545664
	Accuracy: 0.797682119205298
Fold 9
	Confusion matrix: [[839  96  41  40  51  28]
 [ 45 748  83  24  22  21]
 [ 31  72 681  48  21  34]
 [ 23  35  71 826  32  28]
 [ 59  18  60  23 868  41]
 [ 24  30  92  28  24 833]]
	Precision: 0.7934833386190089
	Recall: 0.7944113492674573
	Accuracy: 0.7938741721854304
Fold 10
	Confusion matrix: [[843  91  52  40  46  32]
 [ 48 776  82  26  21  17]
 [ 24  76 667  45  18  35]
 [ 17  35  72 831  24  35]
 [ 56  22  52  28 881  36]
 [ 19  23  89  24  21 836]]
	Precision: 0.7999722816465494
	Recall: 0.8007511817117735
	Accuracy: 0.8003311258278145
Average Scores 
	Confusion matrix: [[845.6 100.1  49.6  37.9  55.2  32.2]
 [ 43.9 750.7  84.1  25.6  18.9  17.8]
 [ 26.2  74.9 652.4  44.6  23.3  32.7]
 [ 21.2  38.2  76.6 835.8  23.7  30. ]
 [ 56.6  23.3  53.1  27.1 870.7  41.2]
 [ 18.9  29.9  88.6  26.3  22.4 840.9]]
	Precision: 0.7937793426851649
	Recall: 0.7941302492304031
	Accuracy: 0.794030038665148
